depth_min:-0.0466169
depth_max:0.120445
depth_map_range:0.24089
depth_midpoint:0.5
